[-0.08742146  0.08133867  0.02457487 -0.03519452 -0.08268341 -0.04334348
  0.00634034 -0.04784926  0.21784176 -0.1203595   0.21351804 -0.03513119
 -0.20831414 -0.14401278 -0.00941134  0.0930955  -0.07926193 -0.14875896
 -0.03937539 -0.05494864  0.03143503  0.02500115  0.02873846  0.08354983
 -0.06953063 -0.31896743 -0.06591222 -0.14601085  0.02257523 -0.08438076
 -0.04910677  0.11915284 -0.13069507 -0.07512806 -0.00351567  0.09854268
  0.04727753  0.05059152  0.1819111  -0.04264683 -0.14131707 -0.00806581
  0.0093425   0.22930314  0.10836894  0.02577759  0.02213436 -0.03591045
  0.12244359 -0.30028084  0.08286397  0.11111862  0.09177917  0.01142483
  0.14208983 -0.19038555 -0.04349719  0.10370871 -0.21477784  0.17037591
 -0.02591914 -0.03116941 -0.0686449  -0.02302081  0.23581131  0.17532378
 -0.11192095 -0.13321397  0.17012173 -0.19539045 -0.02785481  0.15439467
 -0.07780393 -0.17154437 -0.24523981  0.09837542  0.42073265  0.17198828
 -0.18568811  0.01802313 -0.05724921 -0.02653266  0.0526158   0.0066227
 -0.12633485  0.03742038 -0.15037239  0.02027527  0.15565124  0.04102391
 -0.08601184  0.24282202 -0.00961866  0.13343215  0.04617967  0.05337853
 -0.02729682 -0.07112323 -0.18178593 -0.00454134  0.08543132 -0.13197239
 -0.05322492  0.05756399 -0.11165569  0.04884096 -0.07410774 -0.02616169
 -0.09845079  0.08526027 -0.11931077  0.02707519  0.1597629  -0.24256252
  0.2259015   0.10087037  0.03138736  0.16353533  0.06140678  0.02464675
  0.03830319 -0.12998848 -0.05312956 -0.10938695  0.06846533 -0.03335565
  0.06648301  0.04474271]